c --- [ banner ] -------------------------------------------------------------
c 
c CaDiCaL SAT Solver
c Copyright (c) 2016-2025
c A. Biere, M. Fleury, N. Froleyks, K. Fazekas, F. Pollitt, T. Faller
c JKU Linz, University of Freiburg, TU Wien
c 
c Version 3.0.0 7b99c07f0bcab5824a5a3ce62c7066554017f641
c g++ (Ubuntu 13.3.0-6ubuntu2~24.04.1) 13.3.0 -Wall -Wextra -O3 -DNDEBUG
c Fri Mar 13 08:09:18 WET 2026 Linux SP8-Jose-Coelho 6.6.87.2-microsoft-standard-WSL2 x86_64
c 
c --- [ limit ] --------------------------------------------------------------
c 
c setting time limit to 60 seconds real time (due to '-t 60')
c 
c --- [ parsing input ] ------------------------------------------------------
c 
c reading DIMACS file from 'original/CV_1.cnf'
c opening file to read 'original/CV_1.cnf'
c found 'p cnf 2175 294432' header
c parsed 294432 clauses in 0.10 seconds process time
c 
c --- [ options ] ------------------------------------------------------------
c 
c all options are set to their default value
c 
c --- [ solving ] ------------------------------------------------------------
c 
c time measured in process time since initialization
c 
c  seconds  reduction conflicts       size tier2       variables
c         MB    restarts   redundant    glue  trail         remaining
c          level     rate       size/glu tier1  irredundant
c 
c *  0.10 34  0 0   0  0    0    0 0.0 0 0 2 6  0% 294157 2144 99%
c (  0.10 35  0 0   0  0    0    0 0.0 1 0 2 6  2% 294157 2118 97%
c .  0.10 35  0 0   0  0    0    0 0.0 1 0 2 6  2% 294105 2118 97%
c c  0.48 42  0 0   0  0    0    0 0.0 1 0 2 6  2% 294105 2092 96%
c f  1.59 47  0 0   0  0    0    0 0.0 1 0 2 6  1% 141109 3143 145%
c e  1.61 48  0 0   0  0    0    0 0.0 1 0 2 6  1% 140328 2902 133%
c P  1.64 46  0 0   0  0    0    0 0.0 1 0 2 6  1% 140328 2902 133%
c )  1.64 46  0 0   0  0    0    0 0.0 1 0 2 6  1% 140328 2902 133%
c {  1.64 46  0 0   0  0    0    0 0.0 1 0 2 6  1% 140328 2902 133%
c i  1.64 46  0 0   0  0    0    0 0.0 1 0 2 6  1% 140328 2902 133%
c -  1.66 46 28 1  41  6  300  235 2.3 11 5 2 6 49% 140328 2902 133%
c -  1.70 52 25 2  93  4  796  588 2.5 14 5 2 6 52% 140328 2902 133%
c }  1.72 52 24 2 101  4 1003  777 2.6 14 5 2 6 53% 140328 2902 133%
c [  1.72 52  0 2 101  0 1003  777 0.0 0 0 2 6  0% 140328 2902 133%
c O  1.72 52 45 2 101 46 1004  778 3.8 19 5 2 6 64% 140328 2902 133%
c -  1.75 52 46 3 101  1 1605 1003 2.9 19 7 2 6 62% 140328 2902 133%
c ]  1.81 52 39 3 102  1 2685 2047 2.8 22 8 2 6 69% 140328 2902 133%
c {  1.81 52 24 3 102  4 2685 2047 2.6 14 5 2 6 64% 140328 2902 133%
c -  1.83 52 24 4 113  4 2758 1356 2.6 14 5 2 6 64% 140328 2902 133%
c i  1.84 52 25 4 141  5 2871 1466 2.6 15 6 2 6 64% 140328 2899 133%
c 
c  seconds  reduction conflicts       size  tier2       variables
c         MB    restarts   redundant     glue  trail         remaining
c          level     rate       size/glue tier1  irredundant
c 
c k  1.86 52 26 4 154  5 2990 1579 2.5 15 6 2 6 64% 140016 2890 133%
c O  1.87 52 26 4 154  5 3005 1594 2.5 15 6 2 6 64% 140016 2890 133%
c i  1.88 52 26 4 187  4 3325 1900 2.6 15 6 2 6 63% 140016 2889 133%
c i  1.89 52 26 4 229  4 3677 2226 2.5 15 6 2 6 64% 140016 2887 133%
c i  1.91 52 28 4 252  4 4036 2564 2.5 15 6 2 6 64% 140016 2882 133%
c -  1.93 50 27 5 264  4 4264 2017 2.5 15 6 2 6 64% 135857 2882 133%
c i  1.95 50 28 5 327  4 4770 2498 2.5 15 6 2 6 64% 135857 2881 132%
c d  1.99 50 27 5 380  4 5491 3183 2.6 16 6 3 5 64% 135707 2863 132%
c d  2.00 50 27 5 380  4 5491 3183 2.6 16 6 3 5 64% 135705 2862 132%
c k  2.01 50 27 5 380  4 5491 3183 2.6 16 6 3 5 64% 135705 2858 131%
c =  2.03 51 27 5 380  4 5491 3182 2.6 16 6 3 5 64% 135493 2857 131%
c t  2.03 51 27 5 380  4 5491 3182 2.6 16 6 3 5 64% 135492 2857 131%
c #  2.05 51 27 5 408  4 6006 3661 2.6 16 6 3 5 64% 135492 2857 131%
c -  2.07 55 27 6 409  4 6113 2724 2.6 16 6 3 5 63% 135492 2857 131%
c }  2.11 55 26 6 477  4 7316 3864 2.6 16 6 3 5 63% 135492 2857 131%
c [  2.11 55 39 6 477  1 7316 3864 2.8 22 8 2 6 69% 135492 2857 131%
c t  2.15 55 34 6 478  1 8094 4607 2.6 22 8 2 6 64% 135491 2857 131%
c -  2.18 62 36 7 478  1 8324 3369 2.6 22 9 2 6 66% 135491 2857 131%
c I  2.24 62 35 7 479  1 10008 4923 2.4 22 9 4 8 65% 135491 2857 131%
c k  2.27 62 32 7 479  1 10791 5652 2.4 21 9 4 8 62% 135491 2841 131%
c 
c  seconds  reductions conflicts       size  tier2       variables
c         MB    restarts    redundant     glue  trail         remaining
c          level     rate        size/glue tier1  irredundant
c 
c t  2.29 62 32 7 479  1 10791 5652 2.4 21 9 4 8 62% 130180 2841 131%
c -  2.31 49 32 8 480  1 10906 3796 2.4 21 9 4 8 61% 130180 2841 131%
c ]  2.41 49 28 8 481  1 13230 5902 2.4 22 10 4 8 61% 130180 2841 131%
c {  2.41 49 26 8 481  4 13230 5902 2.6 16 6 3 5 63% 130180 2841 131%
c d  2.43 49 26 8 521  4 13575 6221 2.6 16 6 3 5 63% 130148 2825 130%
c t  2.44 49 26 8 521  4 13575 6221 2.6 16 6 3 5 63% 130146 2825 130%
c k  2.44 49 26 8 521  4 13575 6221 2.6 16 6 3 5 63% 130146 2824 130%
c f  2.46 49 26 8 521  4 13575 6221 2.6 16 6 3 5 61% 129523 2898 133%
c -  2.48 55 26 9 524  3 13815 4225 2.6 16 6 3 5 61% 129520 2898 133%
c s  2.52 55 26 9 582  4 14201 4589 2.5 16 6 3 5 61% 129518 2898 133%
c e  2.57 55 26 9 582  4 14201 3317 2.5 16 6 3 5 61% 128884 2596 119%
c ^  2.59 55 26 9 582  4 14201 3317 2.5 16 6 3 5 61% 128884 2596 119%
c i  2.60 55 26 9 586  4 14222 3337 2.5 16 6 3 5 50% 128884 2595 119%
c i  2.61 55 26 9 594  4 14264 3368 2.5 16 6 3 5 47% 128884 2589 119%
c B  2.63 55 25 9 628  3 15010 4062 2.6 16 6 3 5 64% 128884 2589 119%
c -  2.76 55 24 10 719  3 17083 4478 2.6 16 6 3 5 63% 128101 2589 119%
c k  2.86 55 23 10 972  3 19383 6634 2.6 16 6 3 5 61% 128087 2578 119%
c =  2.89 55 23 10 972  3 19383 6629 2.6 16 6 3 5 61% 127872 2575 118%
c t  2.90 55 23 10 972  3 19383 6629 2.6 16 6 3 5 61% 127867 2575 118%
c i  2.93 55 23 10 1007  3 20131 7325 2.6 16 6 3 5 61% 127867 2574 118%
c 
c  seconds  reductions   conflicts       size  tier2       variables
c         MB     restarts     redundant     glue  trail         remaining
c          level       rate        size/glue tier1  irredundant
c 
c -  2.97 59 23 11 1063  3 20703 6041 2.6 16 6 3 5 61% 127760 2574 118%
c W  3.02 59 23 11 1110  3 21012 6318 2.6 16 6 3 5 61% 127760 2574 118%
c d  3.08 59 23 11 1240  3 22394 7617 2.6 16 6 2 4 61% 127754 2571 118%
c t  3.09 59 23 11 1240  3 22394 7617 2.6 16 6 2 4 61% 127741 2571 118%
c }  3.17 59 23 11 1323  3 24161 9247 2.6 17 6 2 4 60% 127741 2571 118%
c [  3.17 59 28 11 1323  1 24161 9247 2.4 22 10 4 8 68% 127741 2571 118%
c -  3.21 59 27 12 1323  1 24683 6170 2.4 23 9 4 8 67% 127741 2571 118%
c t  3.28 59 28 12 1324  1 25470 6906 2.4 23 10 4 8 67% 127641 2570 118%
c f  3.29 59 28 12 1324  1 25470 6906 2.4 23 10 4 8 67% 127094 2574 118%
c B  3.42 59 26 12 1324  1 28013 9199 2.3 23 10 4 8 65% 127094 2574 118%
c -  3.50 59 27 13 1324  1 29028 5939 2.2 24 11 4 8 65% 127094 2574 118%
c u  3.55 59 27 13 1324  1 29028 5866 2.2 24 11 4 8 65% 127094 2566 118%
c v  3.56 59 27 13 1324  1 29028 5840 2.2 24 11 4 8 65% 127094 2566 118%
c w  3.56 59 27 13 1324  1 29028 5840 2.2 24 11 4 8 65% 127094 2566 118%
c x  3.57 59 27 13 1324  1 29028 5840 2.2 24 11 4 8 65% 126936 2544 117%
c t  3.58 59 27 13 1324  1 29028 5840 2.2 24 11 4 8 65% 126826 2539 117%
c -  3.83 46 25 14 1328  1 33730 5195 2.2 26 12 4 8 64% 102987 2539 117%
c d  3.84 46 25 14 1328  1 33730 5189 2.2 26 12 4 8 64% 102914 2511 115%
c k  3.85 46 25 14 1328  1 33730 5189 2.2 26 12 4 8 64% 102914 2510 115%
c ]  3.94 46 24 14 1330  1 35335 6716 2.2 26 12 4 8 64% 102896 2510 115%
c 
c  seconds  reductions   conflicts       size  tier2       variables
c         MB     restarts     redundant     glue  trail         remaining
c          level       rate        size/glue tier1  irredundant
c 
c {  3.94 46 23 14 1330  3 35335 6716 2.6 17 6 2 4 60% 102896 2510 115%
c F  3.96 46 23 14 1371  3 36016 7360 2.6 16 6 2 4 60% 102896 2510 115%
c s  4.04 46 22 14 1436  3 36736 7999 2.6 16 6 2 4 60% 102738 2510 115%
c e  4.06 46 22 14 1436  3 36736 5482 2.6 16 6 2 4 60% 102412 2165 100%
c s  4.11 46 22 14 1436  3 36736 5482 2.6 16 6 2 4 60% 102363 2165 100%
c -  4.21 51 22 15 1601  3 38381 4044 2.6 16 6 2 3 59% 102363 2165 100%
c f  4.22 51 22 15 1601  3 38381 4044 2.6 16 6 2 3 58% 102135 2197 101%
c -  4.39 51 22 16 1872  3 43328 5468 2.6 16 6 2 3 58% 102135 2197 101%
c t  4.40 51 22 16 1872  3 43328 5468 2.6 16 6 2 3 58% 102115 2197 101%
c i  4.42 51 22 16 1916  3 43727 5838 2.6 16 6 2 3 58% 102115 2194 101%
c i  4.42 51 22 16 1917  3 43735 5842 2.6 16 6 2 3 58% 102115 2193 101%
c B  4.47 51 21 16 2032  3 45022 7044 2.6 16 6 2 3 58% 102115 2193 101%
c -  4.62 55 21 17 2270  3 48578 6601 2.6 16 6 2 3 59% 101420 2193 101%
c f  4.67 55 21 17 2270  3 48578 6601 2.6 16 6 2 3 59% 100623 2192 101%
c i  4.67 55 21 17 2279  3 48731 6715 2.6 16 6 2 3 58% 100623 2187 101%
c -  4.93 55 21 18 2782  3 54122 7509 2.6 17 6 2 3 59% 100058 2187 101%
c d  4.93 55 21 18 2782  3 54122 7506 2.6 17 6 2 3 59% 100048 2182 100%
c u  4.97 55 21 18 2782  3 54122 7448 2.6 17 6 2 3 59% 100048 2182 100%
c v  4.97 55 21 18 2782  3 54122 7415 2.6 17 6 2 3 59% 100048 2182 100%
c x  4.98 55 21 18 2782  3 54122 7415 2.6 17 6 2 3 59% 99908 2180 100%
c 
c  seconds  reductions   conflicts       size  tier2      variables
c         MB     restarts     redundant     glue  trail        remaining
c          level       rate        size/glue tier1  irredundant
c 
c t  4.98 55 21 18 2782  3 54122 7414 2.6 17 6 2 3 59% 99350 2180 100%
c W  5.07 55 21 18 2820  3 55024 8238 2.6 17 6 2 3 59% 97965 2180 100%
c }  5.10 55 21 18 2870  3 55771 8933 2.6 17 6 2 3 59% 97965 2180 100%
c [  5.10 55 24 18 2870  1 55771 8933 2.2 26 12 4 8 76% 97965 2180 100%
c -  5.27 55 24 19 2871  1 59940 7845 2.2 26 12 4 8 72% 97965 2180 100%
c d  5.27 55 24 19 2871  1 59940 7844 2.2 26 12 4 8 72% 97957 2176 100%
c k  5.28 55 24 19 2871  1 59940 7844 2.2 26 12 4 8 72% 97957 2174 100%
c t  5.28 55 24 19 2871  1 59940 7844 2.2 26 12 4 8 72% 97956 2174 100%
c f  5.29 55 24 19 2871  1 59940 7844 2.2 26 12 4 8 72% 96915 2189 101%
c W  5.57 55 22 19 2872  1 66025 13274 2.2 26 11 4 8 69% 96065 2189 101%
c -  5.58 55 22 20 2872  1 66060 7769 2.2 26 11 4 8 69% 96065 2189 101%
c s  5.90 55 22 20 2872  1 70116 11469 2.3 27 12 4 8 68% 95047 2189 101%
c t  5.91 55 22 20 2872  1 70116 11468 2.3 27 12 4 8 68% 95047 2189 101%
c e  5.92 55 22 20 2872  1 70116 10038 2.3 27 12 4 8 68% 94987 2132 98%
c s  5.96 55 22 20 2872  1 70116 9952 2.3 27 12 4 8 68% 94534 2132 98%
c e  5.97 55 22 20 2872  1 70116 9949 2.3 27 12 4 8 68% 94535 2131 98%
c -  6.10 55 22 21 2875  1 72485 7096 2.3 27 12 3 8 67% 94535 2131 98%
c t  6.13 55 22 21 2875  1 72485 7096 2.3 27 12 3 8 67% 94531 2131 98%
c f  6.14 55 22 21 2875  1 72485 7096 2.3 27 12 3 8 67% 93901 2146 99%
c ]  6.34 55 22 21 2878  1 77301 11426 2.3 28 12 3 8 65% 93901 2146 99%
c 
c  seconds  reductions   conflicts        size  tier2      variables
c         MB     restarts      redundant     glue  trail        remaining
c          level       rate         size/glue tier1  irredundant
c 
c {  6.34 55 21 21 2878  3 77301 11426 2.6 17 6 2 3 58% 93901 2146 99%
c i  6.35 55 21 21 2899  3 77402 11507 2.6 17 6 2 3 58% 93901 2142 98%
c #  6.37 55 21 21 2913  3 78028 12067 2.6 17 6 2 3 58% 93901 2142 98%
c -  6.44 55 21 22 3082  3 79215 7788 2.6 17 6 2 3 58% 88199 2142 98%
c d  6.44 55 21 22 3082  3 79215 7784 2.6 17 6 2 3 58% 88176 2137 98%
c p  6.44 55 21 22 3082  3 79215 7787 2.6 17 6 2 3 58% 88176 2136 98%
c u  6.47 55 21 22 3082  3 79215 7721 2.6 17 6 2 3 58% 88176 2136 98%
c v  6.48 55 21 22 3082  3 79215 7689 2.6 17 6 2 3 58% 88176 2136 98%
c w  6.48 55 21 22 3082  3 79215 7689 2.6 17 6 2 3 58% 88176 2136 98%
c x  6.49 55 21 22 3082  3 79215 7689 2.6 17 6 2 3 58% 88111 2135 98%
c t  6.50 55 21 22 3082  3 79215 7686 2.6 17 6 2 3 58% 87339 2135 98%
c -  6.79 55 21 23 3715  3 86251 9213 2.6 17 6 2 3 58% 86204 2135 98%
c d  6.79 55 21 23 3715  3 86251 9213 2.6 17 6 2 3 58% 86200 2132 98%
c p  6.79 55 21 23 3715  3 86251 9238 2.6 17 6 2 3 58% 86200 2132 98%
c t  6.80 55 21 23 3715  3 86251 9238 2.6 17 6 2 3 58% 86195 2132 98%
c f  6.81 55 21 23 3715  3 86251 9226 2.6 17 6 2 3 58% 85134 2142 98%
c i  6.87 55 20 23 3826  3 87987 10627 2.6 17 6 2 3 57% 85134 2141 98%
c B  6.99 55 20 23 4067  3 91029 13458 2.6 17 6 2 3 57% 85134 2141 98%
c -  7.10 55 20 24 4225  3 93594 10365 2.6 17 6 2 3 57% 85027 2141 98%
c p  7.10 55 20 24 4225  3 93594 10383 2.6 17 6 2 3 57% 85025 2140 98%
c 
c  seconds  reductions   conflicts        size  tier2      variables
c         MB     restarts      redundant     glue  trail        remaining
c          level       rate         size/glue tier1  irredundant
c 
c f  7.13 55 20 24 4225  3 93594 10383 2.6 17 6 2 3 56% 84098 2169 100%
c i  7.27 55 20 24 4418  3 97574 13859 2.6 17 6 2 3 56% 84098 2167 100%
c -  7.45 55 20 25 4792  3 101242 11474 2.6 17 6 2 3 56% 83885 2167 100%
c d  7.45 55 20 25 4792  3 101242 11467 2.6 17 6 2 3 56% 83881 2165 100%
c p  7.45 55 20 25 4792  3 101242 11478 2.6 17 6 2 3 56% 83881 2165 100%
c u  7.47 55 20 25 4792  3 101242 11433 2.6 17 6 2 3 56% 83881 2165 100%
c v  7.48 55 20 25 4792  3 101242 11409 2.6 17 6 2 3 56% 83881 2165 100%
c w  7.48 55 20 25 4792  3 101242 11409 2.6 17 6 2 3 56% 83881 2165 100%
c x  7.49 55 20 25 4792  3 101242 11409 2.6 17 6 2 3 56% 83099 2165 100%
c t  7.49 55 20 25 4792  3 101242 11408 2.6 17 6 2 3 56% 82461 2165 100%
c f  7.50 55 20 25 4792  3 101242 11406 2.6 17 6 2 3 56% 81805 2174 100%
c W  7.74 55 20 25 5182  3 105033 14887 2.6 17 7 2 3 56% 81805 2174 100%
c }  7.79 55 20 25 5294  3 105774 15581 2.6 17 7 2 3 56% 81805 2174 100%
c [  7.79 55 22 25 5294  1 105774 15581 2.3 28 12 3 8 64% 81805 2174 100%
c -  7.97 55 22 26 5295  1 109196 12301 2.3 28 12 3 8 63% 81805 2174 100%
c p  7.97 55 22 26 5295  1 109196 12316 2.3 28 12 3 8 63% 81805 2174 100%
c f  8.02 55 22 26 5295  1 109196 12311 2.3 28 12 3 8 63% 80985 2191 101%
c s  8.37 55 22 26 5298  1 113888 16186 2.3 28 12 3 8 62% 79117 2191 101%
c t  8.37 55 22 26 5298  1 113888 16185 2.3 28 12 3 8 62% 79117 2191 101%
c e  8.38 55 22 26 5298  1 113888 14227 2.3 28 12 3 8 62% 79055 2127 98%
c 
c  seconds  reductions   conflicts         size   tier2      variables
c         MB     restarts       redundant     glue   trail        remaining
c          level       rate          size/glue  tier1  irredundant
c 
c s  8.44 55 22 26 5298  1 113888 14193 2.3 28 12 3 8 62% 78915 2127 98%
c e  8.44 55 22 26 5298  1 113888 14193 2.3 28 12 3 8 62% 78913 2125 98%
c -  8.64 55 22 27 5300  1 117457 11099 2.3 28 12 3 8 62% 78913 2125 98%
c p  8.64 55 22 27 5300  1 117457 11113 2.3 28 12 3 8 62% 78913 2125 98%
c t  8.65 55 22 27 5300  1 117457 11113 2.3 28 12 3 8 62% 78912 2125 98%
c f  8.66 55 22 27 5300  1 117457 11113 2.3 28 12 3 8 62% 78464 2133 98%
c O  8.78 55 22 27 5302  1 120034 13523 2.3 29 12 3 8 61% 78464 2133 98%
c -  9.04 55 21 28 5303  1 126025 11302 2.3 28 12 3 8 60% 78464 2133 98%
c p  9.04 55 21 28 5303  1 126025 11331 2.3 28 12 3 8 60% 78464 2133 98%
c u  9.06 55 21 28 5303  1 126025 11264 2.3 28 12 3 8 60% 78464 2133 98%
c v  9.07 55 21 28 5303  1 126025 11250 2.3 28 12 3 8 60% 78464 2133 98%
c w  9.07 55 21 28 5303  1 126025 11250 2.3 28 12 3 8 60% 78464 2133 98%
c x  9.08 55 21 28 5303  1 126025 11250 2.3 28 12 3 8 60% 77954 2132 98%
c t  9.08 55 21 28 5303  1 126025 11247 2.3 28 12 3 8 60% 77131 2132 98%
c 2  9.08 55 21 28 5303  1 126025 11247 2.3 28 12 3 8 60% 77049 2132 98%
c f  9.10 55 21 28 5303  1 126025 11237 2.3 28 12 3 8 59% 76619 2143 99%
c ]  9.48 55 21 28 5304  1 134834 19069 2.2 27 12 3 8 58% 76619 2143 99%
c {  9.48 55 20 28 5304  3 134834 19069 2.6 17 7 2 3 55% 76619 2143 99%
c -  9.50 55 20 29 5316  3 134900 11461 2.6 17 7 2 3 55% 75661 2143 99%
c d  9.50 55 20 29 5316  3 134900 11461 2.6 17 7 2 3 55% 75659 2142 98%
c 
c  seconds  reductions   conflicts         size  tier2      variables
c         MB     restarts       redundant     glue  trail        remaining
c          level       rate          size/glue tier1  irredundant
c 
c p  9.50 55 20 29 5316  3 134900 11465 2.6 17 7 2 3 55% 75659 2142 98%
c t  9.51 55 20 29 5316  3 134900 11465 2.6 17 7 2 3 55% 75658 2142 98%
c f  9.52 55 20 29 5316  3 134900 11465 2.6 17 7 2 3 55% 74885 2147 99%
c F  9.57 55 20 29 5419  3 136035 12536 2.6 17 7 2 3 55% 74885 2147 99%
c -  9.90 55 19 30 6034  3 144082 13197 2.5 17 7 2 3 54% 74885 2147 99%
c p  9.90 55 19 30 6034  3 144082 13200 2.5 17 7 2 3 54% 74885 2139 98%
c u  9.92 55 19 30 6034  3 144082 13150 2.5 17 7 2 3 54% 74885 2139 98%
c v  9.92 55 19 30 6034  3 144082 13136 2.5 17 7 2 3 54% 74885 2139 98%
c x  9.93 55 19 30 6034  3 144082 13136 2.5 17 7 2 3 54% 74603 2139 98%
c t  9.93 55 19 30 6034  3 144082 13134 2.5 17 7 2 3 54% 74481 2139 98%
c f  9.94 55 19 30 6034  3 144082 13132 2.5 17 7 2 3 53% 73265 2185 100%
c B 10.32 55 19 30 6771  3 153037 21244 2.5 17 7 2 3 53% 73265 2185 100%
c - 10.37 55 19 31 6856  3 153571 15043 2.5 17 7 2 3 53% 72915 2185 100%
c 2 10.37 55 19 31 6856  3 153571 15043 2.5 17 7 2 3 53% 72915 2183 100%
c d 10.37 55 19 31 6856  3 153571 15042 2.5 17 7 2 3 53% 68979 2180 100%
c d 10.37 55 19 31 6856  3 153571 15042 2.5 17 7 2 3 53% 68975 2178 100%
c p 10.38 55 19 31 6856  3 153571 15083 2.5 17 7 2 3 53% 68975 2176 100%
c d 10.38 55 19 31 6856  3 153571 15076 2.5 17 7 2 3 53% 68758 2174 100%
c d 10.38 55 19 31 6856  3 153571 15076 2.5 17 7 2 3 53% 68756 2173 100%
c k 10.39 55 19 31 6856  3 153571 15076 2.5 17 7 2 3 53% 68756 2170 100%
c 
c  seconds  reductions   conflicts         size  tier2      variables
c         MB     restarts       redundant     glue  trail        remaining
c          level       rate          size/glue tier1  irredundant
c 
c t 10.40 55 19 31 6856  3 153571 15076 2.5 17 7 2 3 53% 68755 2170 100%
c f 10.41 55 19 31 6856  3 153571 15076 2.5 17 7 2 3 53% 67955 2172 100%
c - 10.91 55 19 32 7963  3 163368 16480 2.5 17 7 2 3 53% 60478 2172 100%
c d 10.92 55 19 32 7963  3 163368 16480 2.5 17 7 2 3 53% 60476 2171 100%
c p 10.92 55 19 32 7963  3 163368 16481 2.5 17 7 2 3 53% 60476 2171 100%
c u 10.98 55 19 32 7963  3 163368 16420 2.5 17 7 2 3 53% 60476 2170 100%
c v 10.99 55 19 32 7963  3 163368 16393 2.5 17 7 2 3 53% 60476 2170 100%
c w 10.99 55 19 32 7963  3 163368 16393 2.5 17 7 2 3 53% 60476 2170 100%
c x 11.00 55 19 32 7963  3 163368 16393 2.5 17 7 2 3 53% 60101 2170 100%
c t 11.00 55 19 32 7963  3 163368 16393 2.5 17 7 2 3 53% 59832 2170 100%
c f 11.01 55 19 32 7963  3 163368 16393 2.5 17 7 2 3 52% 59012 2185 100%
c i 11.07 55 19 32 8002  3 165010 17617 2.5 17 7 2 3 52% 59012 2184 100%
c s 11.21 55 19 32 8101  3 166037 18289 2.5 17 7 2 3 52% 57414 2184 100%
c e 11.22 55 19 32 8101  3 166037 16837 2.5 17 7 2 3 52% 55919 2069 95%
c s 11.27 55 19 32 8101  3 166037 16801 2.5 17 7 2 3 52% 55854 2069 95%
c e 11.27 55 19 32 8101  3 166037 16791 2.5 17 7 2 3 52% 55855 2068 95%
c i 11.36 55 19 32 8207  3 167750 17903 2.5 17 7 2 3 57% 55855 2067 95%
c i 11.43 55 18 32 8305  3 169773 19696 2.5 17 7 2 3 57% 55855 2058 95%
c W 11.65 42 18 32 8384  3 171038 19560 2.5 17 7 2 3 54% 53698 2058 95%
c } 11.71 42 18 32 8493  3 172473 20884 2.5 17 7 2 3 54% 53698 2058 95%
c 
c  seconds  reductions   conflicts         size   tier2      variables
c         MB     restarts       redundant     glue   trail        remaining
c          level       rate          size/glue  tier1  irredundant
c 
c [ 11.71 42 21 32 8493  1 172473 20884 2.2 27 12 3 8 65% 53698 2058 95%
c - 11.76 42 20 33 8493  1 173472 15576 2.3 27 12 3 8 65% 53698 2058 95%
c d 11.76 42 20 33 8493  1 173472 15569 2.3 27 12 3 8 65% 53598 2052 94%
c p 11.76 42 20 33 8493  1 173472 15598 2.3 27 12 3 8 65% 53598 2052 94%
c k 11.76 42 20 33 8493  1 173472 15598 2.3 27 12 3 8 65% 53598 2048 94%
c f 11.78 42 20 33 8493  1 173472 15596 2.3 27 12 3 8 64% 52996 2067 95%
c - 12.26 42 20 34 8493  1 183884 16166 2.3 27 12 3 8 63% 52962 2067 95%
c d 12.26 42 20 34 8493  1 183884 16166 2.3 27 12 3 8 63% 52942 2062 95%
c p 12.26 42 20 34 8493  1 183884 16260 2.3 27 12 3 8 63% 52942 2062 95%
c u 12.28 42 20 34 8493  1 183884 16230 2.3 27 12 3 8 63% 52942 2062 95%
c v 12.29 42 20 34 8493  1 183884 16225 2.3 27 12 3 8 63% 52942 2062 95%
c w 12.29 42 20 34 8493  1 183884 16225 2.3 27 12 3 8 63% 52942 2062 95%
c x 12.30 42 20 34 8493  1 183884 16225 2.3 27 12 3 8 63% 52581 2060 95%
c t 12.31 42 20 34 8493  1 183884 16224 2.3 27 12 3 8 63% 52426 2060 95%
c f 12.33 42 20 34 8493  1 183884 16200 2.3 27 12 3 8 61% 51541 2117 97%
c B 12.63 42 20 34 8496  1 190039 21767 2.3 27 12 3 8 61% 51541 2117 97%
c - 12.86 42 20 35 8499  1 194606 15751 2.3 28 12 3 8 61% 50103 2117 97%
c d 12.86 42 20 35 8499  1 194606 15751 2.3 28 12 3 8 61% 50099 2115 97%
c p 12.87 42 20 35 8499  1 194606 15968 2.3 28 12 3 8 61% 50099 2114 97%
c t 12.87 42 20 35 8499  1 194606 15968 2.3 28 12 3 8 61% 50098 2114 97%
c 
c  seconds  reductions   conflicts         size   tier2      variables
c         MB     restarts       redundant     glue   trail        remaining
c          level       rate          size/glue  tier1  irredundant
c 
c f 12.88 42 20 35 8499  1 194606 15923 2.3 28 12 3 8 61% 49406 2130 98%
c - 13.45 42 20 36 8506  1 205634 15720 2.3 27 12 2 5 61% 48636 2130 98%
c d 13.46 42 20 36 8506  1 205634 15720 2.3 27 12 2 5 61% 48634 2129 98%
c p 13.46 42 20 36 8506  1 205634 15771 2.3 27 12 2 5 61% 48634 2129 98%
c u 13.48 42 20 36 8506  1 205634 15729 2.3 27 12 2 5 61% 48634 2129 98%
c v 13.49 42 20 36 8506  1 205634 15710 2.3 27 12 2 5 61% 48634 2129 98%
c w 13.49 42 20 36 8506  1 205634 15710 2.3 27 12 2 5 61% 48634 2129 98%
c x 13.50 42 20 36 8506  1 205634 15710 2.3 27 12 2 5 61% 48292 2129 98%
c t 13.50 42 20 36 8506  1 205634 15710 2.3 27 12 2 5 61% 48018 2129 98%
c f 13.51 42 20 36 8506  1 205634 15694 2.3 27 12 2 5 60% 47232 2151 99%
c W 13.81 42 19 36 8507  1 210041 19437 2.3 27 12 2 5 60% 47232 2151 99%
c ] 14.06 42 19 36 8508  1 214709 23598 2.3 28 12 2 5 60% 47232 2151 99%
c { 14.06 42 18 36 8508  3 214709 23598 2.5 17 7 2 3 52% 47232 2151 99%
c - 14.25 42 18 37 8678  3 216972 16217 2.5 17 7 2 3 52% 47232 2151 99%
c d 14.26 42 18 37 8678  3 216972 16216 2.5 17 7 2 3 52% 47218 2150 99%
c p 14.27 42 18 37 8678  3 216972 16222 2.5 17 7 2 3 52% 47218 2150 99%
c t 14.27 42 18 37 8678  3 216972 16221 2.5 17 7 2 3 52% 47218 2150 99%
c f 14.29 42 18 37 8678  3 216972 16221 2.5 17 7 2 3 52% 46516 2183 100%
c s 14.64 42 18 37 9423  3 223103 21726 2.5 17 7 2 3 52% 45324 2183 100%
c e 14.66 42 18 37 9423  3 223103 19912 2.5 17 7 2 3 52% 45251 2100 97%
c 
c  seconds  reductions   conflicts         size  tier2      variables
c         MB     restarts       redundant     glue  trail        remaining
c          level       rate          size/glue tier1  irredundant
c 
c s 14.69 42 18 37 9423  3 223103 19894 2.5 17 7 2 3 52% 45203 2100 97%
c e 14.69 42 18 37 9423  3 223103 19894 2.5 17 7 2 3 52% 45205 2098 96%
c - 14.97 42 18 38 9943  3 228619 17226 2.5 17 7 2 3 52% 45205 2098 96%
c p 14.98 42 18 38 9943  3 228619 17230 2.5 17 7 2 3 52% 45205 2098 96%
c u 15.00 42 18 38 9943  3 228619 17198 2.5 17 7 2 3 52% 45205 2098 96%
c v 15.00 42 18 38 9943  3 228619 17177 2.5 17 7 2 3 52% 45205 2098 96%
c w 15.00 42 18 38 9943  3 228619 17177 2.5 17 7 2 3 52% 45205 2098 96%
c x 15.02 42 18 38 9943  3 228619 17177 2.5 17 7 2 3 52% 44875 2098 96%
c t 15.02 42 18 38 9943  3 228619 17176 2.5 17 7 2 3 52% 44566 2098 96%
c f 15.03 42 18 38 9943  3 228619 17175 2.5 17 7 2 3 51% 43715 2140 98%
c # 15.15 42 18 38 10196  3 231043 19424 2.5 17 7 2 3 51% 43715 2140 98%
c i 15.29 42 18 38 10416  3 234159 22094 2.5 17 7 2 3 51% 43715 2138 98%
c - 15.62 42 18 39 10937  3 240573 19087 2.5 17 7 2 3 50% 43563 2138 98%
c p 15.63 42 18 39 10937  3 240573 19325 2.5 17 7 2 3 50% 43563 2137 98%
c = 15.68 42 18 39 10937  3 240573 19205 2.5 17 7 2 3 50% 43393 2136 98%
c u 15.69 42 18 39 10937  3 240573 19195 2.5 17 7 2 3 50% 43393 2136 98%
c v 15.70 42 18 39 10937  3 240573 19189 2.5 17 7 2 3 50% 43393 2136 98%
c w 15.70 42 18 39 10937  3 240573 19189 2.5 17 7 2 3 50% 43393 2136 98%
c x 15.70 42 18 39 10937  3 240573 19189 2.5 17 7 2 3 50% 43213 2136 98%
c t 15.70 42 18 39 10937  3 240573 19189 2.5 17 7 2 3 50% 42465 2136 98%
c 
c  seconds  reductions    conflicts         size  tier2      variables
c         MB      restarts       redundant     glue  trail        remaining
c          level        rate          size/glue tier1  irredundant
c 
c f 15.72 42 18 39 10937  3 240573 19130 2.5 17 7 2 3 48% 41668 2232 103%
c - 16.35 42 18 40 12208  3 252837 21096 2.5 17 7 2 3 49% 41668 2232 103%
c p 16.35 42 18 40 12208  3 252837 21121 2.5 17 7 2 3 49% 41668 2232 103%
c u 16.37 42 18 40 12208  3 252837 21106 2.5 17 7 2 3 49% 41668 2232 103%
c v 16.37 42 18 40 12208  3 252837 21093 2.5 17 7 2 3 49% 41668 2232 103%
c w 16.37 42 18 40 12208  3 252837 21093 2.5 17 7 2 3 49% 41668 2232 103%
c x 16.38 42 18 40 12208  3 252837 21093 2.5 17 7 2 3 49% 41434 2232 103%
c t 16.38 42 18 40 12208  3 252837 21093 2.5 17 7 2 3 49% 40860 2232 103%
c f 16.40 42 18 40 12208  3 252837 21088 2.5 17 7 2 3 48% 39407 2279 105%
c B 16.41 42 18 40 12222  3 253044 21266 2.5 17 7 2 3 48% 39407 2279 105%
c } 16.77 42 18 40 12969  3 259676 27386 2.5 17 7 2 3 49% 39407 2279 105%
c [ 16.77 42 19 40 12969  1 259676 27386 2.3 28 12 2 5 54% 39407 2279 105%
c - 17.09 42 19 41 12970  1 265409 22327 2.3 27 12 2 5 54% 39407 2279 105%
c p 17.09 42 19 41 12970  1 265409 22332 2.3 27 12 2 5 54% 39407 2279 105%
c u 17.11 42 19 41 12970  1 265409 22321 2.3 27 12 2 5 54% 39407 2279 105%
c v 17.11 42 19 41 12970  1 265409 22317 2.3 27 12 2 5 54% 39407 2279 105%
c w 17.11 42 19 41 12970  1 265409 22317 2.3 27 12 2 5 54% 39407 2279 105%
c x 17.12 42 19 41 12970  1 265409 22317 2.3 27 12 2 5 54% 39253 2279 105%
c t 17.12 42 19 41 12970  1 265409 22316 2.3 27 12 2 5 54% 38995 2279 105%
c f 17.13 42 19 41 12970  1 265409 22316 2.3 27 12 2 5 54% 37790 2298 106%
c 
c  seconds  reductions    conflicts         size   tier2      variables
c         MB      restarts       redundant     glue   trail        remaining
c          level        rate          size/glue  tier1  irredundant
c 
c I 17.62 42 19 41 12976  1 276046 31646 2.3 27 12 2 5 54% 37790 2298 106%
c - 17.74 42 19 42 12977  1 278288 22040 2.3 27 12 2 5 54% 37790 2298 106%
c p 17.75 42 19 42 12977  1 278288 22084 2.3 27 12 2 5 54% 37790 2298 106%
c u 17.76 42 19 42 12977  1 278288 22069 2.3 27 12 2 5 54% 37790 2298 106%
c v 17.76 42 19 42 12977  1 278288 22062 2.3 27 12 2 5 54% 37790 2298 106%
c w 17.76 42 19 42 12977  1 278288 22062 2.3 27 12 2 5 54% 37790 2298 106%
c x 17.77 42 19 42 12977  1 278288 22062 2.3 27 12 2 5 54% 37640 2298 106%
c t 17.77 42 19 42 12977  1 278288 22058 2.3 27 12 2 5 54% 37243 2298 106%
c f 17.78 42 19 42 12977  1 278288 22058 2.3 27 12 2 5 52% 36115 2365 109%
c s 18.16 42 19 42 12982  1 285118 27262 2.3 27 12 2 5 52% 34992 2365 109%
c e 18.18 42 19 42 12982  1 285118 21568 2.3 27 12 2 5 52% 34781 2210 102%
c s 18.23 42 19 42 12982  1 285118 21548 2.3 27 12 2 5 52% 34474 2210 102%
c e 18.23 42 19 42 12982  1 285118 21548 2.3 27 12 2 5 52% 34477 2207 101%
c - 18.57 42 18 43 12984  1 291477 18210 2.3 27 12 2 5 54% 34477 2207 101%
c p 18.57 42 18 43 12984  1 291477 18233 2.3 27 12 2 5 54% 34477 2207 101%
c u 18.63 42 18 43 12984  1 291477 18208 2.3 27 12 2 5 54% 34477 2207 101%
c v 18.63 42 18 43 12984  1 291477 18202 2.3 27 12 2 5 54% 34477 2207 101%
c w 18.64 42 18 43 12984  1 291477 18202 2.3 27 12 2 5 54% 34477 2207 101%
c x 18.64 42 18 43 12984  1 291477 18202 2.3 27 12 2 5 54% 34333 2207 101%
c t 18.64 42 18 43 12984  1 291477 18202 2.3 27 12 2 5 54% 33456 2207 101%
c 
c  seconds  reductions    conflicts         size   tier2      variables
c         MB      restarts       redundant     glue   trail        remaining
c          level        rate          size/glue  tier1  irredundant
c 
c f 18.66 42 18 43 12984  1 291477 18201 2.3 27 12 2 5 54% 32598 2228 102%
c B 19.07 42 18 43 12985  1 300048 26104 2.3 28 12 2 5 53% 32598 2228 102%
c - 19.33 42 18 44 12985  1 304974 19390 2.3 28 12 2 5 53% 32598 2228 102%
c p 19.33 42 18 44 12985  1 304974 19390 2.3 28 12 2 5 53% 32598 2228 102%
c u 19.34 42 18 44 12985  1 304974 19360 2.3 28 12 2 5 53% 32598 2228 102%
c v 19.34 42 18 44 12985  1 304974 19354 2.3 28 12 2 5 53% 32598 2228 102%
c w 19.35 42 18 44 12985  1 304974 19354 2.3 28 12 2 5 53% 32598 2228 102%
c x 19.35 42 18 44 12985  1 304974 19354 2.3 28 12 2 5 53% 32441 2228 102%
c t 19.35 42 18 44 12985  1 304974 19354 2.3 28 12 2 5 53% 31593 2228 102%
c f 19.37 42 18 44 12985  1 304974 19354 2.3 28 12 2 5 51% 30428 2301 106%
c ] 19.79 42 18 44 12985  1 314157 27007 2.3 28 12 2 5 51% 30428 2301 106%
c { 19.79 42 18 44 12985  3 314157 27007 2.5 17 7 2 3 51% 30428 2301 106%
c - 20.06 42 18 45 13513  3 318780 20670 2.5 17 7 2 3 51% 30428 2301 106%
c p 20.07 42 18 45 13513  3 318780 20817 2.5 17 7 2 3 51% 30428 2300 106%
c u 20.08 42 18 45 13513  3 318780 20784 2.5 17 7 2 3 51% 30428 2300 106%
c v 20.09 42 18 45 13513  3 318780 20777 2.5 17 7 2 3 51% 30428 2300 106%
c w 20.09 42 18 45 13513  3 318780 20777 2.5 17 7 2 3 51% 30428 2300 106%
c x 20.10 42 18 45 13513  3 318780 20777 2.5 17 7 2 3 51% 30094 2300 106%
c t 20.10 42 18 45 13513  3 318780 20777 2.5 17 7 2 3 51% 28291 2300 106%
c f 20.13 42 18 45 13513  3 318780 20777 2.5 17 7 2 3 49% 26921 2380 109%
c 
c  seconds  reductions    conflicts         size  tier2      variables
c         MB      restarts       redundant     glue  trail        remaining
c          level        rate          size/glue tier1  irredundant
c 
c W 20.67 42 18 45 13883  3 325051 26380 2.5 17 7 2 3 49% 26808 2380 109%
c i 20.67 42 18 45 13889  3 325182 26459 2.5 17 7 2 3 49% 26808 2379 109%
c - 21.12 42 18 46 14705  3 332895 23195 2.5 17 7 2 3 49% 26646 2379 109%
c d 21.12 42 18 46 14705  3 332895 23195 2.5 17 7 2 3 49% 26642 2377 109%
c p 21.13 42 18 46 14705  3 332895 23204 2.5 17 7 2 3 49% 26642 2377 109%
c u 21.14 42 18 46 14705  3 332895 23182 2.5 17 7 2 3 49% 26642 2377 109%
c v 21.14 42 18 46 14705  3 332895 23176 2.5 17 7 2 3 49% 26642 2377 109%
c w 21.14 42 18 46 14705  3 332895 23176 2.5 17 7 2 3 49% 26642 2377 109%
c x 21.15 42 18 46 14705  3 332895 23176 2.5 17 7 2 3 49% 26235 2377 109%
c t 21.16 42 18 46 14705  3 332895 23175 2.5 17 7 2 3 49% 24510 2377 109%
c f 21.16 42 18 46 14705  3 332895 23175 2.5 17 7 2 3 49% 24493 2380 109%
c - 21.95 42 18 47 16207  3 347319 25388 2.5 17 7 2 3 49% 24493 2380 109%
c p 21.96 42 18 47 16207  3 347319 25444 2.5 17 7 2 3 49% 24493 2380 109%
c u 21.97 42 18 47 16207  3 347319 25414 2.5 17 7 2 3 49% 24493 2380 109%
c v 21.98 42 18 47 16207  3 347319 25407 2.5 17 7 2 3 49% 24493 2380 109%
c w 21.98 42 18 47 16207  3 347319 25407 2.5 17 7 2 3 49% 24493 2380 109%
c x 21.99 42 18 47 16207  3 347319 25407 2.5 17 7 2 3 49% 24134 2380 109%
c t 21.99 42 18 47 16207  3 347319 25405 2.5 17 7 2 3 49% 23482 2380 109%
c s 22.10 42 18 47 16276  3 348570 26239 2.5 17 7 2 3 49% 23292 2380 109%
c e 22.11 42 18 47 16276  3 348570 23161 2.5 17 7 2 3 49% 23125 2280 105%
c 
c  seconds  reductions    conflicts         size  tier2      variables
c         MB      restarts       redundant     glue  trail        remaining
c          level        rate          size/glue tier1  irredundant
c 
c s 22.15 42 18 47 16276  3 348570 23124 2.5 17 7 2 3 49% 23056 2280 105%
c e 22.16 42 18 47 16276  3 348570 23124 2.5 17 7 2 3 49% 23059 2277 105%
c F 22.28 42 18 47 16505  3 351053 25431 2.5 17 7 2 3 49% 23059 2277 105%
c - 22.93 42 18 48 17381  3 362052 24753 2.5 17 7 2 3 48% 23059 2277 105%
c p 22.93 42 18 48 17381  3 362052 24781 2.5 17 7 2 3 48% 23059 2277 105%
c u 23.02 42 18 48 17381  3 362052 24725 2.5 17 7 2 3 48% 23059 2277 105%
c v 23.03 42 18 48 17381  3 362052 24720 2.5 17 7 2 3 48% 23059 2277 105%
c w 23.03 42 18 48 17381  3 362052 24720 2.5 17 7 2 3 48% 23059 2277 105%
c x 23.04 42 18 48 17381  3 362052 24720 2.5 17 7 2 3 48% 22905 2277 105%
c t 23.04 42 18 48 17381  3 362052 24716 2.5 17 7 2 3 48% 22728 2277 105%
c f 23.05 42 18 48 17381  3 362052 24716 2.5 17 7 2 3 48% 22723 2279 105%
c } 23.69 42 18 48 18040  3 369241 31283 2.4 17 7 2 3 48% 22723 2279 105%
c [ 23.69 42 18 48 18040  1 369241 31283 2.3 28 12 2 5 49% 22723 2279 105%
c - 24.11 42 18 49 18041  1 377095 26154 2.3 28 12 2 5 49% 22723 2279 105%
c p 24.12 42 18 49 18041  1 377095 26177 2.3 28 12 2 5 49% 22723 2279 105%
c u 24.13 42 18 49 18041  1 377095 26120 2.3 28 12 2 5 49% 22723 2279 105%
c v 24.14 42 18 49 18041  1 377095 26116 2.3 28 12 2 5 49% 22723 2279 105%
c w 24.14 42 18 49 18041  1 377095 26116 2.3 28 12 2 5 49% 22723 2279 105%
c x 24.15 42 18 49 18041  1 377095 26116 2.3 28 12 2 5 49% 22665 2279 105%
c t 24.15 42 18 49 18041  1 377095 26116 2.3 28 12 2 5 49% 22614 2279 105%
c 
c  seconds  reductions    conflicts         size   tier2      variables
c         MB      restarts       redundant     glue   trail        remaining
c          level        rate          size/glue  tier1  irredundant
c 
c f 24.16 42 18 49 18041  1 377095 26111 2.3 28 12 2 5 49% 22617 2280 105%
c W 24.39 42 18 49 18041  1 378055 26983 2.3 27 12 2 5 49% 22617 2280 105%
c - 25.29 42 19 50 18041  1 392448 25990 2.4 29 12 2 5 49% 22617 2280 105%
c p 25.30 42 19 50 18041  1 392448 26014 2.4 29 12 2 5 49% 22617 2280 105%
c u 25.31 42 19 50 18041  1 392448 25971 2.4 29 12 2 5 49% 22617 2280 105%
c v 25.31 42 19 50 18041  1 392448 25965 2.4 29 12 2 5 49% 22617 2280 105%
c w 25.32 42 19 50 18041  1 392448 25965 2.4 29 12 2 5 49% 22617 2280 105%
c x 25.32 42 19 50 18041  1 392448 25965 2.4 29 12 2 5 49% 22550 2280 105%
c t 25.32 42 19 50 18041  1 392448 25965 2.4 29 12 2 5 49% 22513 2280 105%
c O 26.09 42 19 50 18044  1 406058 38057 2.4 29 12 2 4 49% 22513 2280 105%
c - 26.19 42 19 51 18045  1 408110 25268 2.4 29 12 2 4 49% 22513 2280 105%
c p 26.20 42 19 51 18045  1 408110 25294 2.4 29 12 2 4 49% 22513 2280 105%
c u 26.21 42 19 51 18045  1 408110 25280 2.4 29 12 2 4 49% 22513 2280 105%
c v 26.21 42 19 51 18045  1 408110 25275 2.4 29 12 2 4 49% 22513 2280 105%
c w 26.21 42 19 51 18045  1 408110 25275 2.4 29 12 2 4 49% 22513 2280 105%
c x 26.22 42 19 51 18045  1 408110 25275 2.4 29 12 2 4 49% 22494 2280 105%
c t 26.22 42 19 51 18045  1 408110 25275 2.4 29 12 2 4 49% 22487 2280 105%
c s 26.30 42 19 51 18046  1 408693 25666 2.4 29 12 2 4 50% 22466 2280 105%
c e 26.31 42 19 51 18046  1 408693 25059 2.4 29 12 2 4 50% 22437 2252 104%
c s 26.35 42 19 51 18046  1 408693 25040 2.4 29 12 2 4 50% 22308 2252 104%
c 
c  seconds  reductions    conflicts         size   tier2      variables
c         MB      restarts       redundant     glue   trail        remaining
c          level        rate          size/glue  tier1  irredundant
c 
c e 26.35 42 19 51 18046  1 408693 24914 2.4 29 12 2 4 50% 22308 2248 103%
c - 27.02 42 18 52 18055  1 424081 24888 2.3 28 12 2 4 49% 22308 2248 103%
c p 27.03 42 18 52 18055  1 424081 24890 2.3 28 12 2 4 49% 22308 2248 103%
c u 27.04 42 18 52 18055  1 424081 24866 2.3 28 12 2 4 49% 22308 2248 103%
c v 27.04 42 18 52 18055  1 424081 24857 2.3 28 12 2 4 49% 22308 2248 103%
c w 27.04 42 18 52 18055  1 424081 24857 2.3 28 12 2 4 49% 22308 2248 103%
c x 27.05 42 18 52 18055  1 424081 24857 2.3 28 12 2 4 49% 22229 2248 103%
c t 27.05 42 18 52 18055  1 424081 24851 2.3 28 12 2 4 49% 22167 2248 103%
c f 27.06 42 18 52 18055  1 424081 24851 2.3 28 12 2 4 49% 22165 2249 103%
c B 27.57 42 18 52 18056  1 435059 34667 2.3 27 12 2 4 48% 22165 2249 103%
c ] 27.70 42 18 52 18058  1 437878 37224 2.3 27 12 2 4 48% 22165 2249 103%
c { 27.70 42 18 52 18058  3 437878 37224 2.4 17 7 2 3 48% 22165 2249 103%
c - 27.88 42 18 53 18340  3 440362 26129 2.4 17 7 2 3 48% 22165 2249 103%
c p 27.89 42 18 53 18340  3 440362 26178 2.4 17 7 2 3 48% 22165 2249 103%
c u 27.90 42 18 53 18340  3 440362 26157 2.4 17 7 2 3 48% 22165 2249 103%
c v 27.91 42 18 53 18340  3 440362 26146 2.4 17 7 2 3 48% 22165 2249 103%
c w 27.91 42 18 53 18340  3 440362 26146 2.4 17 7 2 3 48% 22165 2249 103%
c x 27.91 42 18 53 18340  3 440362 26146 2.4 17 7 2 3 48% 22156 2249 103%
c t 27.92 42 18 53 18340  3 440362 26145 2.4 17 7 2 3 48% 22151 2249 103%
c f 27.92 42 18 53 18340  3 440362 26143 2.4 17 7 2 3 48% 22151 2250 103%
c 
c  seconds  reductions    conflicts         size  tier2      variables
c         MB      restarts       redundant     glue  trail        remaining
c          level        rate          size/glue tier1  irredundant
c 
c - 28.73 42 17 54 19499  3 456952 28627 2.4 17 7 2 3 47% 22151 2250 103%
c p 28.73 42 17 54 19499  3 456952 28654 2.4 17 7 2 3 47% 22151 2250 103%
c u 28.81 42 17 54 19499  3 456952 28623 2.4 17 7 2 3 47% 22151 2250 103%
c v 28.82 42 17 54 19499  3 456952 28616 2.4 17 7 2 3 47% 22151 2250 103%
c x 28.83 42 17 54 19499  3 456952 28616 2.4 17 7 2 3 47% 22094 2250 103%
c t 28.83 42 17 54 19499  3 456952 28614 2.4 17 7 2 3 47% 22091 2250 103%
c B 29.33 42 17 54 20411  3 465061 36002 2.4 17 7 2 3 47% 22091 2250 103%
c - 29.88 42 17 55 21328  3 473851 30979 2.4 18 7 2 3 47% 22091 2250 103%
c p 29.89 42 17 55 21328  3 473851 30997 2.4 18 7 2 3 47% 22091 2250 103%
c u 29.92 42 17 55 21328  3 473851 30963 2.4 18 7 2 3 47% 22091 2250 103%
c v 29.93 42 17 55 21328  3 473851 30951 2.4 18 7 2 3 47% 22091 2250 103%
c w 29.93 42 17 55 21328  3 473851 30951 2.4 18 7 2 3 47% 22091 2250 103%
c x 29.95 42 17 55 21328  3 473851 30951 2.4 18 7 2 3 47% 21927 2250 103%
c t 29.96 42 17 55 21328  3 473851 30948 2.4 18 7 2 3 47% 21883 2250 103%
c f 29.96 42 17 55 21328  3 473851 30948 2.4 18 7 2 3 47% 21872 2251 103%
c s 30.09 42 17 55 21451  3 474912 31508 2.4 18 7 2 3 47% 21737 2251 103%
c t 30.09 42 17 55 21451  3 474912 31507 2.4 18 7 2 3 47% 21737 2251 103%
c e 30.10 42 17 55 21451  3 474912 31208 2.4 18 7 2 3 47% 21711 2240 103%
c s 30.16 42 17 55 21451  3 474912 31170 2.4 18 7 2 3 47% 21689 2240 103%
c i 30.20 42 17 55 21482  3 475576 31635 2.4 17 7 2 3 47% 21689 2238 103%
c 
c  seconds  reductions    conflicts         size  tier2      variables
c         MB      restarts       redundant     glue  trail        remaining
c          level        rate          size/glue tier1  irredundant
c 
c - 31.07 42 17 56 22794  3 491060 31997 2.4 18 7 2 3 47% 21590 2238 103%
c p 31.08 42 17 56 22794  3 491060 32023 2.4 18 7 2 3 47% 21590 2238 103%
c u 31.09 42 17 56 22794  3 491060 31986 2.4 18 7 2 3 47% 21590 2238 103%
c v 31.10 42 17 56 22794  3 491060 31979 2.4 18 7 2 3 47% 21590 2238 103%
c w 31.10 42 17 56 22794  3 491060 31979 2.4 18 7 2 3 47% 21590 2238 103%
c x 31.11 42 17 56 22794  3 491060 31979 2.4 18 7 2 3 47% 21544 2238 103%
c t 31.11 42 17 56 22794  3 491060 31974 2.4 18 7 2 3 47% 21467 2238 103%
c f 31.11 42 17 56 22794  3 491060 31974 2.4 18 7 2 3 47% 21465 2239 103%
c W 31.67 42 17 56 23293  3 496063 36374 2.4 18 7 2 3 47% 21465 2239 103%
c } 32.02 42 17 56 23981  3 501630 41476 2.4 18 7 2 3 46% 21465 2239 103%
c [ 32.02 42 18 56 23981  1 501630 41476 2.3 27 12 2 4 48% 21465 2239 103%
c - 32.39 42 18 57 23986  1 508578 33264 2.3 27 12 2 4 48% 21465 2239 103%
c p 32.40 42 18 57 23986  1 508578 33283 2.3 27 12 2 4 48% 21465 2239 103%
c u 32.42 42 18 57 23986  1 508578 33253 2.3 27 12 2 4 48% 21465 2239 103%
c v 32.42 42 18 57 23986  1 508578 33241 2.3 27 12 2 4 48% 21465 2239 103%
c w 32.42 42 18 57 23986  1 508578 33240 2.3 27 12 2 4 48% 21465 2239 103%
c x 32.43 42 18 57 23986  1 508578 33240 2.3 27 12 2 4 48% 21463 2239 103%
c t 32.44 42 18 57 23986  1 508578 33228 2.3 27 12 2 4 48% 21457 2239 103%
c - 33.51 42 18 58 23994  1 526409 32812 2.3 27 12 2 4 48% 21457 2239 103%
c p 33.51 42 18 58 23994  1 526409 32838 2.3 27 12 2 4 48% 21457 2239 103%
c 
c  seconds  reductions    conflicts         size   tier2      variables
c         MB      restarts       redundant     glue   trail        remaining
c          level        rate          size/glue  tier1  irredundant
c 
c u 33.54 42 18 58 23994  1 526409 32815 2.3 27 12 2 4 48% 21457 2239 103%
c v 33.54 42 18 58 23994  1 526409 32803 2.3 27 12 2 4 48% 21457 2239 103%
c w 33.54 42 18 58 23994  1 526409 32803 2.3 27 12 2 4 48% 21457 2239 103%
c x 33.55 42 18 58 23994  1 526409 32803 2.3 27 12 2 4 48% 21457 2239 103%
c t 33.55 42 18 58 23994  1 526409 32803 2.3 27 12 2 4 48% 21456 2239 103%
c W 33.72 42 18 58 23994  1 528066 34318 2.3 27 12 2 4 48% 21456 2239 103%
c - 34.66 42 19 59 23995  1 544548 31884 2.3 28 12 2 4 48% 21456 2239 103%
c p 34.67 42 19 59 23995  1 544548 31900 2.3 28 12 2 4 48% 21456 2239 103%
c u 34.69 42 19 59 23995  1 544548 31875 2.3 28 12 2 4 48% 21456 2239 103%
c v 34.70 42 19 59 23995  1 544548 31868 2.3 28 12 2 4 48% 21456 2239 103%
c w 34.70 42 19 59 23995  1 544548 31868 2.3 28 12 2 4 48% 21456 2239 103%
c t 34.70 42 19 59 23995  1 544548 31867 2.3 28 12 2 4 48% 21456 2239 103%
c s 34.89 42 19 59 23995  1 546971 33818 2.3 29 12 2 4 48% 21343 2239 103%
c e 34.90 42 19 59 23995  1 546971 33684 2.3 29 12 2 4 48% 21343 2235 103%
c s 34.96 42 19 59 23995  1 546971 33669 2.3 29 12 2 4 48% 21343 2235 103%
c ^ 34.96 42 19 59 23995  1 546971 33669 2.3 29 12 2 4 48% 21343 2235 103%
c I 35.89 42 19 59 24002  1 561067 46273 2.3 28 12 2 4 48% 21343 2235 103%
c - 35.99 42 19 60 24003  1 562998 31798 2.3 28 12 2 4 48% 21343 2235 103%
c p 35.99 42 19 60 24003  1 562998 31837 2.3 28 12 2 4 48% 21343 2235 103%
c u 36.01 42 19 60 24003  1 562998 31819 2.3 28 12 2 4 48% 21343 2235 103%
c 
c  seconds  reductions    conflicts         size   tier2      variables
c         MB      restarts       redundant     glue   trail        remaining
c          level        rate          size/glue  tier1  irredundant
c 
c v 36.02 42 19 60 24003  1 562998 31818 2.3 28 12 2 4 48% 21343 2235 103%
c w 36.02 42 19 60 24003  1 562998 31818 2.3 28 12 2 4 48% 21343 2235 103%
c x 36.02 42 19 60 24003  1 562998 31818 2.3 28 12 2 4 48% 21299 2235 103%
c t 36.03 42 19 60 24003  1 562998 31810 2.3 28 12 2 4 48% 21290 2235 103%
c ] 36.85 42 19 60 24010  1 577554 44383 2.3 29 13 2 4 48% 21290 2235 103%
c { 36.85 42 17 60 24010  3 577554 44383 2.4 18 7 2 3 46% 21290 2235 103%
c i 36.98 42 17 60 24090  3 579759 46080 2.4 18 7 2 3 46% 21290 2234 103%
c - 37.12 42 17 61 24291  3 581759 32231 2.4 18 7 2 3 46% 21276 2234 103%
c p 37.12 42 17 61 24291  3 581759 32241 2.4 18 7 2 3 46% 21276 2234 103%
c u 37.21 42 17 61 24291  3 581759 32224 2.4 18 7 2 3 46% 21276 2234 103%
c v 37.22 42 17 61 24291  3 581759 32221 2.4 18 7 2 3 46% 21276 2234 103%
c w 37.22 42 17 61 24291  3 581759 32221 2.4 18 7 2 3 46% 21276 2234 103%
c t 37.23 42 17 61 24291  3 581759 32220 2.4 18 7 2 3 46% 21267 2234 103%
c i 37.66 42 17 61 24968  3 589672 39405 2.4 18 7 2 3 46% 21267 2232 103%
c # 38.01 42 17 61 25549  3 595068 44334 2.4 18 7 2 3 46% 21267 2232 103%
c - 38.44 42 17 62 26281  3 600827 34882 2.4 18 7 2 3 46% 21164 2232 103%
c p 38.45 42 17 62 26281  3 600827 34918 2.4 18 7 2 3 46% 21164 2232 103%
c u 38.48 42 17 62 26281  3 600827 34883 2.4 18 7 2 3 46% 21164 2232 103%
c v 38.49 42 17 62 26281  3 600827 34874 2.4 18 7 2 3 46% 21164 2232 103%
c t 38.49 42 17 62 26281  3 600827 34871 2.4 18 7 2 3 46% 21164 2232 103%
c 
c  seconds  reductions    conflicts         size  tier2      variables
c         MB      restarts       redundant     glue  trail        remaining
c          level        rate          size/glue tier1  irredundant
c 
c - 39.74 42 17 63 28110  3 620205 37420 2.4 18 8 2 3 46% 21164 2232 103%
c p 39.75 42 17 63 28110  3 620205 37446 2.4 18 8 2 3 46% 21164 2232 103%
c u 39.77 42 17 63 28110  3 620205 37425 2.4 18 8 2 3 46% 21164 2232 103%
c v 39.78 42 17 63 28110  3 620205 37419 2.4 18 8 2 3 46% 21164 2232 103%
c x 39.80 42 17 63 28110  3 620205 37419 2.4 18 8 2 3 46% 21158 2232 103%
c t 39.80 42 17 63 28110  3 620205 37418 2.4 18 8 2 3 46% 21154 2232 103%
c s 40.11 42 17 63 28408  3 625103 41179 2.4 18 8 2 3 46% 21136 2232 103%
c e 40.12 42 17 63 28408  3 625103 33423 2.4 18 8 2 3 46% 21384 2053 94%
c s 40.20 42 17 63 28408  3 625103 33384 2.4 18 8 2 3 46% 21313 2053 94%
c B 40.47 42 17 63 28696  3 630071 37842 2.4 18 8 2 3 48% 21313 2053 94%
c - 41.02 42 17 64 29447  3 639893 33022 2.4 18 8 2 3 49% 21313 2053 94%
c 2 41.02 42 17 64 29447  3 639893 33021 2.4 18 8 2 3 49% 21313 2053 94%
c p 41.02 42 17 64 29447  3 639893 33048 2.4 18 8 2 3 49% 21313 2053 94%
c u 41.05 42 17 64 29447  3 639893 33013 2.4 18 8 2 3 49% 21313 2053 94%
c v 41.05 42 17 64 29447  3 639893 33008 2.4 18 8 2 3 49% 21313 2053 94%
c t 41.06 42 17 64 29447  3 639893 33006 2.4 18 8 2 3 49% 21308 2053 94%
c f 41.06 42 17 64 29447  3 639893 32998 2.4 18 8 2 3 48% 21203 2085 96%
c } 41.89 42 16 64 30550  3 655702 46996 2.4 18 8 2 3 49% 21203 2085 96%
c [ 41.89 42 19 64 30550  1 655702 46996 2.3 29 13 2 4 55% 21203 2085 96%
c - 42.11 42 19 65 30550  1 659891 35382 2.3 28 12 2 4 54% 21203 2085 96%
c 
c  seconds  reductions    conflicts         size   tier2      variables
c         MB      restarts       redundant     glue   trail        remaining
c          level        rate          size/glue  tier1  irredundant
c 
c p 42.12 42 19 65 30550  1 659891 35416 2.3 28 12 2 4 54% 21203 2085 96%
c u 42.14 42 19 65 30550  1 659891 35392 2.3 28 12 2 4 54% 21203 2085 96%
c v 42.15 42 19 65 30550  1 659891 35382 2.3 28 12 2 4 54% 21203 2085 96%
c w 42.15 42 19 65 30550  1 659891 35382 2.3 28 12 2 4 54% 21203 2085 96%
c t 42.16 42 19 65 30550  1 659891 35375 2.3 28 12 2 4 54% 21202 2085 96%
c f 42.16 42 19 65 30550  1 659891 35370 2.3 28 12 2 4 54% 21201 2087 96%
c B 42.49 42 20 65 30554  1 666074 40932 2.3 29 13 2 4 55% 21201 2087 96%
c - 43.38 42 20 66 30563  1 680200 35338 2.2 29 13 2 4 54% 21201 2087 96%
c p 43.38 42 20 66 30563  1 680200 35371 2.2 29 13 2 4 54% 21201 2087 96%
c u 43.40 42 20 66 30563  1 680200 35333 2.2 29 13 2 4 54% 21201 2087 96%
c v 43.41 42 20 66 30563  1 680200 35323 2.2 29 13 2 4 54% 21201 2087 96%
c w 43.41 42 20 66 30563  1 680200 35322 2.2 29 13 2 4 54% 21201 2087 96%
c x 43.42 42 20 66 30563  1 680200 35322 2.2 29 13 2 4 54% 21173 2087 96%
c t 43.42 42 20 66 30563  1 680200 35321 2.2 29 13 2 4 54% 21153 2087 96%
c - 44.59 42 20 67 30566  1 700819 34519 2.2 29 13 2 4 53% 21153 2087 96%
c p 44.60 42 20 67 30566  1 700819 34553 2.2 29 13 2 4 53% 21153 2087 96%
c u 44.62 42 20 67 30566  1 700819 34499 2.2 29 13 2 4 53% 21153 2087 96%
c v 44.63 42 20 67 30566  1 700819 34485 2.2 29 13 2 4 53% 21153 2087 96%
c w 44.63 42 20 67 30566  1 700819 34485 2.2 29 13 2 4 53% 21153 2087 96%
c t 44.63 42 20 67 30566  1 700819 34466 2.2 29 13 2 4 53% 21153 2087 96%
c 
c  seconds  reductions    conflicts         size   tier2      variables
c         MB      restarts       redundant     glue   trail        remaining
c          level        rate          size/glue  tier1  irredundant
c 
c W 45.20 42 20 67 30566  1 703077 36507 2.2 29 13 2 4 54% 21153 2087 96%
c s 45.87 42 20 67 30567  1 712878 45297 2.2 30 13 2 4 54% 21152 2087 96%
c t 45.88 42 20 67 30567  1 712878 45291 2.2 30 13 2 4 54% 21151 2087 96%
c e 45.89 42 20 67 30567  1 712878 44697 2.2 30 13 2 4 54% 21146 2074 95%
c s 45.94 42 20 67 30567  1 712878 44688 2.2 30 13 2 4 54% 21146 2074 95%
c - 46.53 42 20 68 30567  1 721747 34095 2.2 30 13 2 4 53% 21146 2074 95%
c p 46.54 42 20 68 30567  1 721747 34125 2.2 30 13 2 4 53% 21146 2074 95%
c u 46.56 42 20 68 30567  1 721747 34101 2.2 30 13 2 4 53% 21146 2074 95%
c v 46.56 42 20 68 30567  1 721747 34100 2.2 30 13 2 4 53% 21146 2074 95%
c w 46.56 42 20 68 30567  1 721747 34100 2.2 30 13 2 4 53% 21146 2074 95%
c x 46.57 42 20 68 30567  1 721747 34100 2.2 30 13 2 4 53% 21070 2074 95%
c t 46.57 42 20 68 30567  1 721747 34100 2.2 30 13 2 4 53% 21013 2074 95%
c f 46.58 42 20 68 30567  1 721747 34100 2.2 30 13 2 4 53% 21010 2075 95%
c O 47.63 42 20 68 30567  1 741078 51935 2.3 30 13 2 4 53% 21010 2075 95%
c - 47.74 42 20 69 30567  1 742985 34540 2.3 30 13 2 4 53% 21010 2075 95%
c p 47.75 42 20 69 30567  1 742985 34570 2.3 30 13 2 4 53% 21010 2075 95%
c u 47.86 42 20 69 30567  1 742985 34536 2.3 30 13 2 4 53% 21010 2075 95%
c v 47.87 42 20 69 30567  1 742985 34528 2.3 30 13 2 4 53% 21010 2075 95%
c w 47.87 42 20 69 30567  1 742985 34527 2.3 30 13 2 4 53% 21010 2075 95%
c x 47.88 42 20 69 30567  1 742985 34527 2.3 30 13 2 4 53% 20948 2075 95%
c 
c  seconds  reductions    conflicts         size   tier2      variables
c         MB      restarts       redundant     glue   trail        remaining
c          level        rate          size/glue  tier1  irredundant
c 
c t 47.88 42 20 69 30567  1 742985 34522 2.3 30 13 2 4 53% 20643 2075 95%
c ] 48.06 42 20 69 30568  1 746795 37786 2.3 29 13 2 4 53% 20643 2075 95%
c { 48.06 42 16 69 30568  3 746795 37786 2.4 18 8 2 3 49% 20643 2075 95%
c i 48.65 42 16 69 31426  3 756694 46686 2.4 18 8 2 3 49% 20643 2074 95%
c - 49.20 42 16 70 32172  3 764535 37036 2.4 18 8 2 3 49% 20533 2074 95%
c d 49.20 42 16 70 32172  3 764535 37030 2.4 18 8 2 3 49% 20506 2072 95%
c p 49.21 42 16 70 32172  3 764535 37102 2.4 18 8 2 3 49% 20506 2072 95%
c u 49.23 42 16 70 32172  3 764535 37068 2.4 18 8 2 3 49% 20506 2072 95%
c v 49.24 42 16 70 32172  3 764535 37064 2.4 18 8 2 3 49% 20506 2072 95%
c w 49.24 42 16 70 32172  3 764535 37064 2.4 18 8 2 3 49% 20506 2072 95%
c x 49.26 42 16 70 32172  3 764535 37064 2.4 18 8 2 3 49% 20473 2072 95%
c t 49.26 42 16 70 32172  3 764535 37063 2.4 18 8 2 3 49% 20420 2072 95%
c f 49.26 42 16 70 32172  3 764535 37046 2.4 18 8 2 3 49% 20424 2074 95%
c i 49.31 42 16 70 32177  3 765558 37864 2.4 18 8 2 3 49% 20424 2072 95%
c i 49.37 42 16 70 32281  3 766702 38823 2.4 18 8 2 3 49% 20424 2071 95%
c i 49.66 42 16 70 32783  3 771238 42686 2.4 18 8 2 3 49% 20424 2070 95%
c W 50.43 42 16 70 33563  3 780081 48686 2.4 18 8 2 3 49% 20256 2070 95%
c - 50.84 43 16 71 34167  3 786394 38831 2.4 18 8 2 3 49% 20256 2070 95%
c d 50.84 43 16 71 34167  3 786394 38813 2.4 18 8 2 3 49% 20231 2068 95%
c p 50.85 43 16 71 34167  3 786394 38867 2.4 18 8 2 3 49% 20231 2068 95%
c 
c  seconds  reductions    conflicts         size  tier2      variables
c         MB      restarts       redundant     glue  trail        remaining
c          level        rate          size/glue tier1  irredundant
c 
c u 50.87 43 16 71 34167  3 786394 38829 2.4 18 8 2 3 49% 20231 2068 95%
c v 50.88 43 16 71 34167  3 786394 38825 2.4 18 8 2 3 49% 20231 2068 95%
c w 50.88 43 16 71 34167  3 786394 38825 2.4 18 8 2 3 49% 20231 2068 95%
c x 50.89 43 16 71 34167  3 786394 38825 2.4 18 8 2 3 49% 20231 2068 95%
c t 50.89 43 16 71 34167  3 786394 38820 2.4 18 8 2 3 49% 20225 2068 95%
c f 50.90 43 16 71 34167  3 786394 38818 2.4 18 8 2 3 49% 20216 2071 95%
c s 52.28 43 16 71 35819  3 806676 56051 2.4 18 8 1 2 49% 20161 2071 95%
c e 52.29 43 16 71 35819  3 806676 52663 2.4 18 8 1 2 49% 20146 2047 94%
c s 52.37 43 16 71 35819  3 806676 52623 2.4 18 8 1 2 49% 20051 2047 94%
c - 52.55 43 16 72 36080  3 808564 31858 2.4 18 8 1 2 49% 20051 2047 94%
c p 52.55 43 16 72 36080  3 808564 31911 2.4 18 8 1 2 49% 20051 2047 94%
c u 52.57 43 16 72 36080  3 808564 31866 2.4 18 8 1 2 49% 20051 2047 94%
c v 52.58 43 16 72 36080  3 808564 31855 2.4 18 8 1 2 49% 20051 2047 94%
c w 52.58 43 16 72 36080  3 808564 31855 2.4 18 8 1 2 49% 20051 2047 94%
c t 52.60 43 16 72 36080  3 808564 31850 2.4 18 8 1 2 49% 20049 2047 94%
c f 52.60 43 16 72 36080  3 808564 31846 2.4 18 8 1 2 49% 20041 2051 94%
c F 53.22 43 16 72 36845  3 820082 42251 2.4 18 8 1 2 49% 20041 2051 94%
c - 53.93 43 16 73 37683  3 831047 32041 2.4 18 8 1 2 48% 20041 2051 94%
c p 53.95 43 16 73 37683  3 831047 32144 2.4 18 8 1 2 48% 20041 2050 94%
c u 53.97 43 16 73 37683  3 831047 32056 2.4 18 8 1 2 48% 20041 2050 94%
c 
c  seconds  reductions    conflicts         size  tier2      variables
c         MB      restarts       redundant     glue  trail        remaining
c          level        rate          size/glue tier1  irredundant
c 
c v 53.98 43 16 73 37683  3 831047 32030 2.4 18 8 1 2 48% 20041 2050 94%
c t 53.98 43 16 73 37683  3 831047 32011 2.4 18 8 1 2 48% 20041 2050 94%
c f 53.99 43 16 73 37683  3 831047 32002 2.4 18 8 1 2 48% 20042 2052 94%
c } 54.55 43 16 73 38330  3 840860 40776 2.4 19 8 1 2 48% 20042 2052 94%
c [ 54.55 43 20 73 38330  1 840860 40776 2.3 29 13 2 4 53% 20042 2052 94%
c - 55.25 43 19 74 38330  1 853837 32038 2.3 29 13 2 4 52% 19990 2052 94%
c d 55.25 43 19 74 38330  1 853837 32038 2.3 29 13 2 4 52% 19910 2050 94%
c p 55.26 43 19 74 38330  1 853837 32071 2.3 29 13 2 4 52% 19910 2050 94%
c u 55.27 43 19 74 38330  1 853837 32033 2.3 29 13 2 4 52% 19910 2050 94%
c v 55.28 43 19 74 38330  1 853837 32022 2.3 29 13 2 4 52% 19910 2050 94%
c w 55.28 43 19 74 38330  1 853837 32022 2.3 29 13 2 4 52% 19910 2050 94%
c x 55.29 43 19 74 38330  1 853837 32022 2.3 29 13 2 4 52% 19910 2050 94%
c t 55.29 43 19 74 38330  1 853837 32016 2.3 29 13 2 4 52% 19872 2050 94%
c f 55.30 43 19 74 38330  1 853837 32012 2.3 29 13 2 4 52% 19868 2052 94%
c B 55.68 43 20 74 38330  1 861083 38757 2.3 29 13 2 4 52% 19868 2052 94%
c 
c caught signal 14 (SIGALRM)
c 
c --- [ result ] -------------------------------------------------------------
c 
c UNKNOWN
c 
c --- [ run-time profiling ] -------------------------------------------------
c 
c process time taken by individual solving procedures
c (percentage relative to process time for solving)
c 
c        49.05   87.75% search
c        24.36   43.58% unstable
c        22.83   40.85% stable
c         6.82   12.21% simplify
c         1.85    3.31% walk
c         1.68    3.00% factor
c         1.60    2.86% subsume
c         1.54    2.75% preprocess
c         1.48    2.65% vivify
c         0.61    1.09% sweep
c         0.51    0.91% congruence
c         0.21    0.38% elim
c         0.17    0.30% probe
c         0.10    0.17% parse
c         0.08    0.14% ternary
c         0.06    0.11% backbone
c         0.01    0.02% fastelim
c         0.01    0.01% lucky
c   =================================
c        55.90   99.83% solve
c 
c last line shows process time for solving
c (percentage relative to total process time)
c 
c --- [ statistics ] ---------------------------------------------------------
c 
c chronological:            187546        21.64 %  of conflicts
c conflicts:                866737     15506.12    per second
c backbone:                 838318     18695.76 %  of vars
c decisions:               1743464     31190.96    per second
c eliminated:                 1737        38.74 %  of all variables
c factored:                   2309       109.85 %  of variables
c fixed:                       246         5.49 %  of all variables
c learned:                  847736        97.81 %  per conflict
c learned_lits:           37105910       100.00 %  learned literals
c minimized:                     0         0.00 %  learned literals
c shrunken:                9258281        24.95 %  learned literals
c minishrunken:            8224641        22.17 %  learned literals
c otfs:                       1395         0.16 %  of conflict
c propagations:          228879909         4.09 M  per second
c reduced:                  688954        79.49 %  per conflict
c rephased:                     41     21139.93    interval
c restarts:                  38330        22.61    interval
c stabilizing:                  11        49.28 %  of conflicts
c substituted:                 449        10.01 %  of all variables
c sweep equivs:                  5         0.25 %  of swept variables
c subsumed:                  95275         6.94 %  of all clauses
c strengthened:              65640         4.78 %  of all clauses
c ticks:                2661067890        12.13    propagation
c vivified:                  25519         1.86 %  of all clauses
c walked:                       12     72228.08    interval
c weakened:                  11464         3.37    average size
c congruence:                   12     72228.08    interval
c 
c seconds are measured in process time for solving
c 
c --- [ glue usage ] ---------------------------------------------------------
c 
c focused glue 1 used 1421750 clauses 50.85% accumulated 50.85% tier1
c focused glue 2 used 679767 clauses 24.31% accumulated 75.17% tier2
c 
c stable glue 2 used 742787 clauses 19.99% accumulated 61.74% tier1
c stable glue 3 used 289040 clauses 7.780% accumulated 69.52%
c stable glue 4 used 135149 clauses 3.637% accumulated 73.16% tier2
c 
c 
c --- [ resources ] ----------------------------------------------------------
c 
c total process time since initialization:        55.99    seconds
c total real time since initialization:           56.47    seconds
c maximum resident set size of process:           74.10    MB
c 
c raising signal 14 (SIGALRM)
